-------------------------------------------------------
new notes: 1,1,0:1,1:2,2:0,3:1,4:2,5:0,6:1,
window content: 1 2 0 1 2 0 1 - 
got notes 0 : (0, 0) (0, 0) (0, 0) (0, 0) (0, 0) (0, 0) (0, 0) 
-------------------------------------------------------
new notes: 2,1,0:0,1:2,2:0,3:1,4:2,5:3,6:2,
window content: 1 2 0 1 2 0 1 - 0 2 0 1 2 3 2 - 
got notes 1 : (1, 1) (0, 0) (0, 0) (0, 0) (0, 0) (0, 0) (0, 0) 
-------------------------------------------------------
new notes: 3,1,0:2,1:3,2:0,3:0,4:2,5:2,6:2,
window content: 1 2 0 1 2 0 1 - 0 2 0 1 2 3 2 - 2 3 0 0 2 2 2 - 
got notes 2 : (0, 0) (0, 0) (0, 0) (2, 1) (0, 0) (0, 0) (0, 0) 
-------------------------------------------------------
new notes: 4,1,0:1,1:2,2:1,3:0,4:3,5:3,6:3,
window content: 1 2 0 1 2 0 1 - 0 2 0 1 2 3 2 - 2 3 0 0 2 2 2 - 1 2 1 0 3 3 3 - 
got notes 3 : (0, 0) (0, 0) (0, 0) (0, 0) (0, 0) (0, 0) (0, 0) 
-------------------------------------------------------
new notes: 5,1,0:0,1:2,2:1,3:1,4:2,5:1,6:2,
window content: 1 2 0 1 2 0 1 - 0 2 0 1 2 3 2 - 2 3 0 0 2 2 2 - 1 2 1 0 3 3 3 - 0 2 1 1 2 1 2 - 
got notes 4 : (2, 1) (0, 0) (0, 0) (0, 0) (0, 0) (0, 0) (0, 0) 
-------------------------------------------------------
new notes: 6,1,0:0,1:2,2:0,3:2,4:2,5:3,6:2,
window content: 1 2 0 1 2 0 1 - 0 2 0 1 2 3 2 - 2 3 0 0 2 2 2 - 1 2 1 0 3 3 3 - 0 2 1 1 2 1 2 - 0 2 0 2 2 3 2 - 
got notes 5 : (0, 0) (0, 0) (2, 1) (0, 0) (0, 0) (0, 0) (0, 0) 
-------------------------------------------------------
new notes: 7,1,0:0,1:1,2:0,3:1,4:2,5:0,6:3,
window content: 1 2 0 1 2 0 1 - 0 2 0 1 2 3 2 - 2 3 0 0 2 2 2 - 1 2 1 0 3 3 3 - 0 2 1 1 2 1 2 - 0 2 0 2 2 3 2 - 0 1 0 1 2 0 3 - 
got notes 6 : (0, 0) (0, 0) (0, 0) (0, 0) (0, 0) (5, 2) (0, 0) 
-------------------------------------------------------
new notes: 8,1,0:1,1:2,2:0,3:3,4:2,5:3,6:2,
window content: 1 2 0 1 2 0 1 - 0 2 0 1 2 3 2 - 2 3 0 0 2 2 2 - 1 2 1 0 3 3 3 - 0 2 1 1 2 1 2 - 0 2 0 2 2 3 2 - 0 1 0 1 2 0 3 - 1 2 0 3 2 3 2 - 
got notes 7 : (0, 0) (0, 0) (0, 0) (0, 0) (0, 0) (0, 0) (0, 0) 
-------------------------------------------------------
new notes: 9,1,0:0,1:0,2:0,3:0,4:2,5:0,6:0,
window content: 1 2 0 1 2 0 1 - 0 2 0 1 2 3 2 - 2 3 0 0 2 2 2 - 1 2 1 0 3 3 3 - 0 2 1 1 2 1 2 - 0 2 0 2 2 3 2 - 0 1 0 1 2 0 3 - 1 2 0 3 2 3 2 - 0 0 0 0 2 0 0 - 
got notes 8 : (1, 1) (8, 2) (0, 0) (4, 1) (0, 0) (1, 3) (8, 2) 
